,July 2023 actual,July 2025 predicted,Percent change,Monthly average obs
Technology Ecosystems,0.0031536013736712,0.0046756451981785,48.26367204221007,52.55555555555556
Cisco WebEx,0.0035943717420954,0.0049054033546103,36.47456931515414,45.666666666666664
Go (Programming Language),0.0062469978341327,0.0084161613446755,34.72329538343685,64.08333333333333
Talent Acquisition,0.0053997708436035,0.0071671053064177,32.729804912142924,50.44444444444444
Discussion Facilitation,0.0038199080853318,0.0050472560516697,32.13030101564057,44.15277777777778
Proxy Servers,0.0048218990536315,0.0063620939529952,31.941666182408735,64.23611111111111
Spring Boot,0.0068189606608874,0.008942455182452,31.141029068325114,78.18055555555556
IT Risk Management,0.0034504504097863,0.0045023918155116,30.487075042195748,44.833333333333336
MongoDB,0.0062214531797702,0.008114557554654,30.428652602248224,82.52777777777777
Apache Spark,0.0060222177754276,0.0078075488199666,29.64574034209906,85.98611111111111
Cyber Risk,0.0051518842457538,0.0066634247820253,29.3395671208513,60.68055555555556
Technology Strategies,0.0070596705740036,0.0091008859978309,28.913748912645215,78.72222222222223
Containerization,0.006551995382934,0.0084326668548939,28.703797271568448,69.68055555555556
User Requirements Documents,0.0063719187804763,0.008200771117704,28.701752175990446,67.19444444444444
Lightweight Directory Access Protocols,0.0096977912687647,0.0124411493549183,28.28848353325145,117.31944444444444
Resilience,0.0188882049681309,0.0238732637291056,26.39244316432257,160.27777777777777
HTML5,0.0036675294269278,0.0046197994047858,25.964889902892846,66.73611111111111
Apache Hive,0.0027373403227649,0.0034260388612441,25.159405016310426,44.958333333333336
Offensive Security Certified Professional,0.0039306602231811,0.0049117449134304,24.95979389068902,51.69444444444444
Safety Assurance,0.016239015382646,0.0201858623290141,24.30471831799568,204.23611111111111
Business Technologies,0.0059494156275084,0.0073736862432711,23.939672481063177,70.01388888888889
Cloud-Native Computing,0.0080967693987282,0.0099649039718701,23.07259205672003,85.05555555555556
NIST 800-53,0.0053655310386094,0.0065959463284005,22.931845532851295,47.236111111111114
Interoperability,0.0043854426301569,0.0053739572683192,22.540817918006432,44.625
Microsoft Visual Studio,0.0051176859128145,0.0062647142735097,22.413027689391477,55.666666666666664
Hybrid Cloud Computing,0.0092406014910477,0.0112217589121642,21.439701982991547,84.22222222222223
Security Technology,0.0055620548696398,0.0067377029639519,21.136938089721426,59.708333333333336
Client Services,0.0070346398271025,0.0084552944169153,20.19512902905725,61.44444444444444
Business Continuity,0.0114319844482722,0.0136998779654839,19.838143827727688,107.91666666666667
Puppet (Configuration Management Tool),0.0107898265467826,0.0129166429886344,19.711312620553585,139.58333333333334
Prototyping,0.0096301385888249,0.0115155080900987,19.57780237411784,113.31944444444444
Process Design,0.0043500176216653,0.0051883261913643,19.271383304835297,54.958333333333336
Apache Hadoop,0.0054845421726938,0.0065262217599771,18.993008978389653,99.45833333333333
Complex Problem Solving,0.0081153325853931,0.0096382524610819,18.765957644544663,108.30555555555556
Bitbucket,0.0041929049745974,0.0049794125726479,18.7580592170711,48.34722222222222
Applications Architecture,0.0091179434967464,0.0107899513524123,18.337554474455008,126.52777777777777
Spring Framework,0.0086742284822023,0.0102476881178055,18.139476482912677,105.40277777777777
Composure,0.0063014994864886,0.0074429968710441,18.11469455806589,49.736111111111114
Content Management,0.0046714251762612,0.0055160714785132,18.081126645124122,53.65277777777778
Business Risk Management,0.0039852059331955,0.0047055388850155,18.075175132603675,44.166666666666664
Requirements Elicitation,0.0116312058115046,0.0137113695448693,17.884334325054922,149.51388888888889
Performance Review,0.0061004167630459,0.0071809089864574,17.711777168352295,51.93055555555556
Zoom (Video Conferencing Tool),0.0078938701164181,0.0092578347080254,17.278781782467544,48.68055555555556
Kubernetes,0.0261728712864765,0.0306694867989537,17.18044406843738,243.66666666666666
User Acceptance Testing (UAT),0.0054717885683982,0.0063988770873752,16.943061804897074,62.833333333333336
Simple Object Access Protocol (SOAP),0.005166875228432,0.006037407592047,16.848333376131887,77.5
Extensible Markup Language (XML),0.0127346687481831,0.0148510139687774,16.618769301684793,158.09722222222223
Solution Architecture,0.0585315930749773,0.0681127756096747,16.369249547717207,636.4861111111111
Mac OS,0.0154726357206164,0.0179743347639219,16.168538369788727,143.04166666666666
Operational Efficiency,0.0041640236312472,0.0048359898027221,16.137424543713138,46.72222222222222
Internet Of Things (IoT),0.0082795304679182,0.0096065975397328,16.028289006928162,97.34722222222223
Productivity Software,0.0079449038468987,0.0092161199292254,16.000396062979664,68.43055555555556
System Requirements,0.0079657848046242,0.0092230130931647,15.782855291429273,55.31944444444444
Open Web Application Security Project (OWASP),0.00484077990713,0.005602715066098,15.739925664576129,68.61111111111111
Encryption,0.0164708822726654,0.0190521258789933,15.671556408436352,174.45833333333334
Management Consulting,0.007237241117363,0.0083028695544684,14.724235655888684,96.47222222222223
Public Key Infrastructure,0.006461678708148,0.0074129243771918,14.7213396395631,82.01388888888889
Security Administration,0.0034030721708793,0.0038919507883919,14.365802221181854,45.666666666666664
Informatica,0.0067765102313361,0.0077484861699478,14.343311017477198,67.20833333333333
Observability,0.0061209420711295,0.0069852127154459,14.11989583095198,25.791666666666668
Infrastructure Architecture,0.004087475981676,0.0046547576556869,13.87853229117437,49.611111111111114
Cloud Computing Architecture,0.0090557459152773,0.010302718245503,13.769957128788498,90.30555555555556
DevOps,0.0535656427594516,0.0608473229351148,13.59393783131325,525.9027777777778
Docker (Software),0.0201421607710745,0.0228427379396705,13.407584217450056,213.11111111111111
Microservices,0.0248249914886401,0.0280644839663377,13.049319590622964,261.68055555555554
Business Analysis,0.0100690723491086,0.0113213159688639,12.436534134806971,126.66666666666667
Change Requests,0.0090228827899733,0.010135375758401,12.329684362784375,94.125
User Interface (UI),0.008761671084966,0.0098341697729598,12.240800614326675,81.91666666666667
Software Engineering,0.0332984614587539,0.0373373277268018,12.129287934371275,318.1666666666667
Load Balancing,0.0074045991096432,0.0083016143072603,12.114297942867601,82.69444444444444
Model View Controller,0.0036163181046981,0.0040509847008498,12.0195896369572,49.77777777777778
Web Development,0.0044446335357993,0.004972685740058,11.880669126160887,55.34722222222222
Oracle WebLogic Server,0.0048225051967932,0.0053926825430602,11.823260380230352,53.19444444444444
Software Deployment,0.0042734962625228,0.0047714827528993,11.652905718993658,60.30555555555556
Application Development,0.035817559588249,0.0399873962433242,11.64187818212842,394.55555555555554
Apache Kafka,0.0130907565295285,0.0146128225770773,11.627028920104912,113.55555555555556
Machine Learning,0.0139921151334919,0.0156143736788603,11.594090885411026,131.375
Network Planning And Design,0.0047741366659802,0.0053265833475917,11.571656202223009,55.56944444444444
Agile Project Management,0.0054713014919514,0.006103253959474,11.550313366065424,67.54166666666667
NoSQL,0.0103475547567295,0.0115401800287238,11.525672490098971,115.26388888888889
PostgreSQL,0.008925625525072,0.0099401864101903,11.366832299522413,83.19444444444444
JQuery,0.0041221999907622,0.0045871869780061,11.280068611079768,67.97222222222223
Technology Solutions,0.0358079956929821,0.0397941343910212,11.131979383086046,338.22222222222223
Service Management,0.0127688447811873,0.014179955300986,11.051199571927823,111.52777777777777
Data Migration,0.0093083712513,0.0103370442417529,11.051052463224842,74.91666666666667
Network Support,0.0076970343822039,0.0085472903308484,11.04653956867275,81.31944444444444
Patience,0.0074328725093771,0.0082450739340973,10.927153986504546,64.19444444444444
Training And Development,0.0165433596378062,0.0183421975446328,10.873473987204834,151.26388888888889
Public Cloud,0.0196597452704329,0.0217952755917388,10.862451633682205,199.38888888888889
Java Platform Enterprise Edition (J2EE),0.007993391993121,0.0088520436828745,10.742019038881674,116.05555555555556
Self-Discipline,0.0092582480165064,0.0102351651470143,10.55185742233484,101.20833333333333
Asset Management,0.0152368660743198,0.0168376770301413,10.506169365887558,140.98611111111111
Tactfulness,0.0077345557492001,0.0085458268517296,10.488916607956444,62.333333333333336
Sarbanes-Oxley Act (SOX) Compliance,0.013911476060494,0.0153603699940038,10.41509849285073,147.04166666666666
Git (Version Control System),0.0197396755231216,0.0217654854904857,10.262630533066332,205.20833333333334
Programming Tools,0.0071640783508711,0.0078927596338641,10.171319286372636,55.236111111111114
Software Design Patterns,0.0145227459368914,0.0159777999113893,10.019138121818283,146.52777777777777
NetApp Applications,0.0037833753064874,0.0041596130871158,9.944500615185088,44.388888888888886
Enterprise Resource Planning,0.0211495499443264,0.0232152015980958,9.766882317623669,197.05555555555554
C# (Programming Language),0.0224197331120061,0.0246008596450621,9.728601683879882,233.75
Office Equipment,0.0126010384889505,0.0138252950579715,9.715521225449132,98.40277777777777
Architectural Design,0.0187596317797533,0.0205461250821501,9.523072325571496,173.81944444444446
C++ (Programming Language),0.0204896724741625,0.0224270039562415,9.45516081099869,177.26388888888889
Telephone Skills,0.0049270596945778,0.0053823201466903,9.240002767035916,46.791666666666664
Selenium (Software),0.0069969853236599,0.0076427730656573,9.229514028187346,52.986111111111114
Benchmarking,0.0048784171217732,0.0053286428734537,9.22893103320472,42.958333333333336
HVAC,0.0075518158912791,0.0082275643645333,8.948158734041185,47.80555555555556
Code Review,0.0127190196578763,0.0138187901638695,8.646660950100532,142.06944444444446
Video Conferencing,0.0096329555867222,0.0104601379165019,8.58700450067334,89.29166666666667
Team Management,0.0064938859639204,0.0070491454080136,8.550495761369772,69.80555555555556
Business Systems,0.018191255622362,0.0197289561575265,8.452965353717808,157.63888888888889
Microsoft Windows,0.0306177804643204,0.0331985124781303,8.428867065714597,299.93055555555554
Advanced Analytics,0.0053072303838112,0.0057540304693426,8.418705298610869,54.68055555555556
Intrusion Detection And Prevention,0.0063814971638238,0.0069062005203284,8.222261062483916,98.23611111111111
The Open Group Architecture Framework (TOGAF),0.0048137335832926,0.0052075009743217,8.1800827614511,48.09722222222222
Platform As A Service (PaaS),0.0171913097531325,0.0185841644319716,8.10208587269102,182.09722222222223
Governance,0.0604910662622942,0.0653329982644505,8.004375358769988,534.6805555555555
Reengineering,0.003427778934677,0.0036960951084128,7.827697726402047,42.94444444444444
AWS CloudFormation,0.0061765662599768,0.0066598930166344,7.825169136280179,67.75
Phone Support,0.0055836486836321,0.006019263059724,7.801607887130492,63.65277777777778
Cloud Technologies,0.019198113247038,0.020683037346224,7.73473976363329,151.47222222222223
SQL Server Reporting Services,0.0039475834364246,0.0042512643549032,7.692830901977077,48.638888888888886
Desktop Support,0.0415116143242675,0.0446895589678433,7.655555427816725,366.7083333333333
Ansible,0.0286000824567274,0.0307723225592921,7.595223216056629,234.48611111111111
Google Cloud Platform (GCP),0.0146096179900455,0.0157111889278003,7.540039298121087,136.94444444444446
Resource Allocation,0.0052079367228201,0.0055984912264678,7.499217529590394,54.56944444444444
ASP.NET,0.0054438953790535,0.0058519494183165,7.49562603339276,56.18055555555556
Data Architecture,0.0082560358490434,0.0088716885036765,7.457000743334157,83.61111111111111
Apache Maven,0.0039835659322325,0.004278413437747,7.40159722546024,67.81944444444444
Software Testing,0.0067014767712441,0.0071972045804704,7.39729206185504,68.01388888888889
Agile Methodology,0.1379593405293626,0.1481404292642019,7.379774863937112,1318.7777777777778
Matrix Management,0.004366023603795,0.0046879786930509,7.374103268155784,48.138888888888886
Governance Risk Management And Compliance,0.0088858508949733,0.0095317620973521,7.268985379263908,69.31944444444444
Persuasive Communication,0.0074855581402766,0.0080253581656894,7.211219461490326,62.52777777777778
Operations Management,0.0108870988040671,0.0116166249994735,6.700831952897031,92.625
Risk Mitigation,0.0145827944235823,0.0155573002177121,6.682572391981982,137.26388888888889
Business Objectives,0.0271976791380915,0.0290120912074516,6.67120183361139,237.20833333333334
Security Systems,0.0129111842373655,0.0137706275833523,6.656580296480745,116.375
Continuous Deployment,0.0048436713599356,0.0051641676447763,6.616804919749156,51.791666666666664
New Product Development,0.0366741349768011,0.0390979381611421,6.609026186641395,303.81944444444446
Organizational Skills,0.0714314851164568,0.076004213854435,6.401559103136578,602.7083333333334
Java (Programming Language),0.0563627021414672,0.0599136664824568,6.300202449621526,653.375
Health Insurance Portability And Accountability Act (HIPAA) Compliance,0.0151021886786139,0.0160505372762451,6.279544096639113,139.06944444444446
Team Performance Management,0.007296046785134,0.0077535916624018,6.271134091410525,50.81944444444444
Positivity,0.0138383417371393,0.0147056073227815,6.26712074406022,142.94444444444446
File Systems,0.0055299412353358,0.005872685273487,6.197968903559011,56.513888888888886
Systems Development,0.0051401059394425,0.0054577378217037,6.1794812403350985,56.90277777777778
Border Gateway Protocol,0.0082266272778856,0.0087345984044956,6.174719109683038,78.20833333333333
Product Lifecycle Management,0.0096987612069595,0.0102866795583263,6.061788086347872,73.40277777777777
Data Storage,0.0061416025010153,0.0065132348915677,6.0510655075929,58.59722222222222
Cyber Threat Intelligence,0.0132506169418864,0.0140494453976369,6.028613303470651,124.95833333333333
Vulnerability Management,0.0174331780226989,0.0184758467111099,5.980944421340695,158.88888888888889
Microsoft Visio,0.0236629234637124,0.0250702339214746,5.947322865327012,255.45833333333334
Thought Leadership,0.0268480034778979,0.0284327178386388,5.902540805484793,262.09722222222223
Business Development,0.0227518753415973,0.0240918635672982,5.8895726421768675,233.90277777777777
User Story,0.0132099547397647,0.0139649842192421,5.715609889295112,128.22222222222223
Security Clearance,0.0082948013394959,0.0087646999485916,5.664977253382394,66.66666666666667
Cloud Computing,0.0240470303623882,0.0253880739123764,5.576753261332918,217.09722222222223
Network Routing,0.0236532186147139,0.0249702513156767,5.568090848082359,229.65277777777777
Physical Security,0.0050054757738356,0.0052826418561366,5.537257492080775,44.97222222222222
Configuration Management,0.0268002106755012,0.0282798189902733,5.520883147850205,253.01388888888889
Service Level,0.0046554862246445,0.0049119941791956,5.509799453239419,45.333333333333336
Resource Management,0.0091295089570862,0.0096265579130683,5.444421581911019,79.40277777777777
Information Technology Operations,0.019904274231493,0.0209870999336254,5.440166717654684,169.58333333333334
Application Programming Interface (API),0.0468125618333844,0.0493151010213968,5.345871044014761,451.9861111111111
Empathy,0.0141383616652715,0.0148905120804463,5.3199262614870815,107.33333333333333
Web Servers,0.0036746768742515,0.0038695217938912,5.302368787987328,48.486111111111114
CI/CD,0.0398671688760214,0.041968101938145,5.269832599994903,302.8888888888889
Enterprise Application Integration,0.0064551354770906,0.0067942522582992,5.253441735067094,61.02777777777778
Service Improvement,0.0044423427216393,0.0046756293535848,5.2514325562754784,46.013888888888886
Healthcare Industry Knowledge,0.0122877008957148,0.012929429867537,5.222530864549251,113.55555555555556
Enterprise Security,0.0074308620294615,0.0078168311317074,5.194136302297493,86.56944444444444
System Implementation,0.00993209386165,0.0104430759324796,5.144756764760484,84.31944444444444
NIST Cybersecurity Framework (CSF),0.0122525375403806,0.0128820011411482,5.137414178027044,80.125
Vendor Relationship Management,0.0131898914668008,0.0138636673301915,5.108274507691037,117.36111111111111
Waterfall Methodology,0.0217171650542668,0.0228110582050037,5.036997913878184,210.66666666666666
Help Desk Support,0.0851537133972048,0.0894402348315252,5.033863190822524,783.25
Accountability,0.0414142959825804,0.0434945316946744,5.022989435746968,337.4583333333333
Active Listening,0.0056882357907771,0.0059732498959441,5.010588795020097,54.05555555555556
Cloud Security,0.0211998794364869,0.0222574046974195,4.98835507107886,167.09722222222223
Wireshark,0.0038587169537536,0.0040480668409815,4.907068579977302,47.333333333333336
Sales Operations,0.003499164202609,0.0036708692896958,4.907031426498245,48.52777777777778
Solution Design,0.0163950265178596,0.0171830172599579,4.806279155693463,168.81944444444446
PL/SQL,0.006304855597611,0.0066063454136123,4.781867107559759,55.958333333333336
JSON,0.0102553657031006,0.0107364157381252,4.6907155624802455,111.52777777777777
IT Capacity Management,0.0131215933920713,0.0137325348268224,4.65600035373951,121.05555555555556
Virtual Teams,0.0115756411735727,0.012105064569394,4.573598886513322,110.45833333333333
Data Processing,0.004873656755955,0.0050949311810807,4.54021356459564,65.73611111111111
Software Architecture,0.0064812226723022,0.0067702210302029,4.459009858367427,63.44444444444444
DevSecOps,0.0099566588356166,0.0103900488877723,4.352765915865201,75.95833333333333
Sales Process,0.005854284212233,0.0061089329509461,4.349784354182717,58.111111111111114
Project Portfolio Management,0.0067435552462648,0.0070316188825126,4.271687940976773,58.291666666666664
People Management,0.0119387370643632,0.0124420724949,4.215985558801206,106.84722222222223
Team Building,0.0115686085665107,0.0120470215373581,4.13544090541995,107.25
Red Hat Enterprise Linux,0.0044481950413684,0.0046315601564438,4.122236398586304,44.80555555555556
Workday (Software),0.0075824855819335,0.0078923768658113,4.086935352916032,63.388888888888886
MySQL,0.0107920831669338,0.0112311888918679,4.068776325589213,123.23611111111111
Operations Support Systems,0.0180503567963407,0.0187447612160472,3.8470398537899047,167.08333333333334
Sales,0.1026768298973456,0.1065772655114399,3.7987495504038065,1042.2777777777778
Wireless Networks,0.0097768878703062,0.010137456212784,3.6879664292038914,87.69444444444444
Software Development,0.0620831016142561,0.064341437299594,3.637601258019823,610.0416666666666
External Auditing,0.0099028673673863,0.0102604090909434,3.610486844796227,82.54166666666667
Multiprotocol Label Switching,0.0051093155926467,0.0052934890058691,3.604659173676048,56.68055555555556
Development Testing,0.0102730492261317,0.0106308898146466,3.4832947904567204,98.59722222222223
Disaster Recovery,0.0381011149668763,0.0394041661954464,3.419981881640273,326.3888888888889
Information Technology Architecture,0.0061684843412795,0.0063777249968582,3.3920918657191295,52.19444444444444
Continuous Integration,0.0157883607893103,0.0163232850486588,3.388092446624839,197.38888888888889
Remote Desktop Services,0.0077724436719129,0.0080326499265489,3.3478049583852365,72.16666666666667
Certified Information Security Manager,0.0194184853993265,0.020061233527866,3.3099807493832123,187.125
Cyber Security,0.0774715427915058,0.080007012222196,3.2727751885795677,547.7916666666666
Tablets,0.0109322900543607,0.0112860023492488,3.2354821645718177,86.51388888888889
Influencing Skills,0.0699477618897396,0.0722020054704185,3.222752979905658,600.9722222222222
Linux,0.0754634781378315,0.0778571199588103,3.1719208815248283,761.2638888888889
Serverless Computing,0.0053276444143181,0.0054934241441116,3.111689086230394,54.361111111111114
Data Visualization,0.0067408282798944,0.0069480725785944,3.074463405604612,58.47222222222222
Data Engineering,0.0094700903861854,0.0097610300151635,3.0721948483460166,58.486111111111114
Key Performance Indicators (KPIs),0.0354252151204355,0.0364960113600027,3.0226950942338875,256.80555555555554
Operating Systems,0.1256962073505758,0.1294645171855928,2.9979503076866187,1090.361111111111
Sprint Retrospectives,0.010125646661491,0.010425671412843,2.963018179303348,109.16666666666667
Creativity,0.0123850141970723,0.0127439961304666,2.8985185457369966,136.41666666666666
Topology,0.0061422685103738,0.0063199921377186,2.893452590759254,47.875
R (Programming Language),0.0122222919193523,0.0125622813810588,2.7817160967017482,111.95833333333333
Dynamic Host Configuration Protocol (DHCP),0.0249964119391995,0.0256902133350372,2.7756039447792804,238.75
User Accounts,0.0111401544363046,0.0114389437045952,2.6820926944861507,92.61111111111111
Product Management,0.024967855400747,0.0256365981708595,2.6784149434496234,216.73611111111111
IBM WebSphere MQ,0.0071252023648433,0.0073131817723874,2.63823254300278,59.916666666666664
Systems Engineering,0.0642131045035507,0.0659011434057127,2.6288074921975775,558.8194444444445
Packaging And Labeling,0.0119790519197291,0.0122894372301667,2.5910674109894,97.48611111111111
GIAC Security Essentials Certification (GSEC),0.0057163477614585,0.0058640691018035,2.5841909294075207,50.236111111111114
Automation,0.121023115340124,0.1241377077735019,2.57355169268667,992.3194444444445
Requirements Management,0.0053233103229169,0.0054599329827639,2.5664981291591733,50.68055555555556
General Data Protection Regulation (GDPR),0.0120518426961198,0.0123511541797558,2.483532943326296,84.52777777777777
Personal Computers,0.0158992147114686,0.0162908197339259,2.4630463174688915,126.93055555555556
Prioritization,0.0906913340299255,0.0929128378160522,2.449521566629133,740.2638888888889
JIRA,0.049545389633845,0.0506914493431606,2.31315106770845,413.68055555555554
Filing,0.0061701713730837,0.0063036759242548,2.1637089652564745,49.138888888888886
ServiceNow,0.0473205807696977,0.0483419774906212,2.1584619299042056,326.3888888888889
Risk Management,0.0561976310980261,0.0573988950041519,2.1375703613385832,459.7361111111111
Digital Transformation,0.0121258425145179,0.012382405010086,2.1158323247306416,89.19444444444444
Cross-Functional Team Leadership,0.0072469558046411,0.0073943219161336,2.0334898606408522,52.791666666666664
Scalability,0.0471907798066992,0.0481047058802115,1.9366623676402035,388.69444444444446
Curiosity,0.0130082318117611,0.0132571723481993,1.9137154076015677,89.51388888888889
Full Stack Development,0.0082931117412793,0.0084497873167701,1.8892254244078286,91.0
Database Management,0.0058155383938319,0.0059198265118745,1.7932667791035584,43.31944444444444
Resourcefulness,0.0097570438673352,0.0099298901072048,1.771502129330978,84.09722222222223
Functional Specification,0.006636362797556,0.0067532917969051,1.7619440485104516,61.888888888888886
Microsoft Teams,0.0235584240243183,0.0239659653283235,1.7299175173369568,170.36111111111111
Active Directory,0.0881761137450276,0.0896131068963243,1.6296852858042217,858.1944444444445
Technical Design,0.0158732448387376,0.0161271904225146,1.5998341004434302,153.04166666666666
Business Strategies,0.0297966775855652,0.0302576531217421,1.5470702559140916,258.55555555555554
Control Systems,0.0089920042558129,0.0091265255762249,1.496010417533307,56.72222222222222
Product Support,0.005875677437589,0.0059631409930561,1.4885697248722543,55.05555555555556
Management Information Systems,0.0307043913705541,0.0311420960508335,1.4255442324095933,285.93055555555554
Cascading Style Sheets (CSS),0.0123233135007247,0.012490986392029,1.360615319040936,167.09722222222223
Voice Over IP,0.0042835176544207,0.0043400099936084,1.3188305440832948,47.65277777777778
IBM Websphere Application Server,0.0036597785178399,0.0037055007596316,1.2493171805021202,54.263888888888886
Microsoft PowerPoint,0.0593184620790036,0.0600460437468925,1.2265686641030384,518.9027777777778
Consulting,0.087734111778014,0.0887824071700893,1.1948549667063415,889.0555555555555
Microsoft Access,0.0212347662148839,0.0214728326160852,1.1211161865037822,212.33333333333334
Computer Networks,0.0241237027166479,0.0243938226320623,1.11972825476741,204.75
Relationship Management,0.0199410441179992,0.0201554119012137,1.075007817775236,137.56944444444446
Creative Problem-Solving,0.0104080145974408,0.0105133939945524,1.0124831794289681,87.15277777777777
Apache Subversion,0.0029704753850628,0.002998170996533,0.9323629345480795,46.30555555555556
Computer Literacy,0.025651405437459,0.025875286576712,0.8727831299491328,200.06944444444446
Hardening,0.0065256652896659,0.0065799489090156,0.8318480482850455,68.5
Cloud Services,0.0204083289855025,0.0205531436744603,0.7095862138476543,174.75
Customer Service,0.2320682431390973,0.2337053385424395,0.7054370650623464,1947.4166666666667
Business Priorities,0.0064177292952879,0.0064624397031326,0.6966702051070993,49.375
Critical Thinking,0.0431766425011142,0.0434744346365583,0.6897065593657815,343.125
Performance Management,0.0154851363114447,0.0155837334560681,0.63672119276425,128.02777777777777
Quality Management,0.0093419469708255,0.0093960141141554,0.5787566927830896,96.22222222222223
Performance Tuning,0.013683796348879,0.0137454424165068,0.4505041295272537,120.55555555555556
Version Control,0.0146636960777108,0.0147149783111391,0.3497224243910172,134.86111111111111
Microsoft Outlook,0.0451792974408822,0.0453247331791014,0.3219079234454791,378.52777777777777
Windows System Administration,0.0047504713249363,0.0047639331444518,0.2833786080306557,44.06944444444444
Android (Operating System),0.011686342761279,0.0117145482325564,0.24135413322680965,124.5
System Administration,0.0406355434143974,0.0406878656258193,0.12875971877212117,382.94444444444446
Group Policy,0.0184761289593239,0.018496415851852,0.10980055710134913,164.47222222222223
Mobile Device Management,0.0065348905682757,0.006541393569463,0.09951201354265159,52.958333333333336
Solution Delivery,0.0070060533410582,0.0070124817448917,0.09175499415379612,68.63888888888889
Research,0.1135934008487142,0.1136534979316873,0.05290543510810806,958.625
OpenShift,0.0049039237656233,0.0049063095786391,0.048651103276214726,44.59722222222222
Sales Support,0.0086486476798441,0.0086526135698653,0.04585560850678792,66.68055555555556
Mathematics,0.0413396331922951,0.0413551464688739,0.037526401133367145,298.2083333333333
Microsoft Excel,0.0903241216002353,0.0902398858731794,-0.09325939246740939,798.8055555555555
Presentations,0.1027936183250356,0.1026872264127442,-0.10350050326565904,917.2083333333334
Network Administration,0.016861462908147,0.0168411510375032,-0.12046327625573058,162.79166666666666
System Support,0.0070797236900539,0.0070687794318713,-0.1545859508327321,70.06944444444444
Test Planning,0.0209831844306474,0.0209480730566754,-0.16733100777934096,149.58333333333334
Organizational Change Management,0.0086733947864111,0.008658672983682,-0.16973518549122052,69.41666666666667
Project Communications,0.0053345139771077,0.0053253431512261,-0.171914928350653,45.125
Knowledge Management,0.0067263747139331,0.0067114817647154,-0.22141123340706112,66.93055555555556
Salesforce,0.0245065228260287,0.0244404643643591,-0.2695546085364571,264.7083333333333
Wireless Communications,0.0168144321941544,0.0167670995188082,-0.281500289749056,130.66666666666666
Business Continuity Planning,0.0137904886737341,0.0137443506063272,-0.33456441246188023,112.01388888888889
Technical Assistance,0.0111353349956585,0.0110924915906969,-0.3847518281066867,79.48611111111111
E-Commerce,0.0085038881055125,0.0084656769097162,-0.4493379419177607,97.43055555555556
Communications,0.4644807319563178,0.4622394017097902,-0.48254536567909745,4024.4861111111113
Microsoft Azure,0.1060189062003151,0.1055019261783297,-0.48763002799576455,835.7083333333334
Project Implementation,0.0203656828756521,0.0202532667652799,-0.5519879252691082,164.04166666666666
Computer Hardware,0.042065696969145,0.041830879318623,-0.5582164743264334,335.15277777777777
Scala (Programming Language),0.0037796359806817,0.0037568215831193,-0.6036136199096394,45.47222222222222
IBM DB2,0.0075360910794028,0.0074900290020786,-0.6112197535681927,63.458333333333336
Shell Script,0.0107811933712475,0.0107133015118344,-0.6297249022001762,107.38888888888889
Debugging,0.0321466537452989,0.0319338603152879,-0.6619458177419805,257.1666666666667
Scripting,0.0866818407859304,0.0860495836893405,-0.7293997114705062,753.2916666666666
Windows Desktop,0.0068670186014388,0.0068134057097466,-0.7807302528781082,50.22222222222222
Azure DevOps,0.0185595071425088,0.0183984695614351,-0.8676824219370431,98.95833333333333
Demonstration Skills,0.0081783249839475,0.0081011808440748,-0.9432755487721387,70.79166666666667
Database Administration,0.0096300604404741,0.0095316545614192,-1.0218614894804827,81.33333333333333
Data Management,0.0214003180085321,0.0211770738253107,-1.0431816159572744,203.54166666666666
Multitasking,0.0819627066878442,0.0811018224483029,-1.0503365180703246,673.4166666666666
Stakeholder Management,0.0132565731204717,0.0131144668919474,-1.071968051116088,92.59722222222223
Software Configuration Management,0.0052098873260706,0.0051500652063927,-1.1482421007177277,43.94444444444444
Project Management,0.2300707988015702,0.2273866800017518,-1.166649054899562,2054.347222222222
Business Case,0.0109222049093608,0.0107681727174854,-1.4102664540141263,105.43055555555556
Performance Metric,0.0114795564822112,0.0113122283607239,-1.457618347421292,86.34722222222223
Backup Devices,0.0247562733694519,0.0243953318263317,-1.4579801157212273,202.22222222222223
Technical Writing,0.0095969836488415,0.0094553534327467,-1.4757784453649367,80.79166666666667
Market Trend,0.0046571102375983,0.0045850387364463,-1.547558410151952,56.25
Incident Response,0.0266313169955371,0.0262078510474614,-1.5901051688381165,261.1666666666667
Strategic Planning,0.0303482095681275,0.0298421482825803,-1.6675161162676353,263.5416666666667
Incident Management,0.0238147257890623,0.0234174861401843,-1.6680420862139258,179.36111111111111
System Testing,0.005285756088416,0.0051975140365148,-1.66943102226353,49.77777777777778
Google Workspace,0.0110599325730377,0.0108745250932192,-1.6763888802585847,94.33333333333333
Diplomacy,0.0058415608533313,0.0057435452019651,-1.6779017428244998,45.388888888888886
Splunk,0.0158300725055397,0.0155620537321124,-1.693098836619408,149.375
Telecommunications,0.0239865183233154,0.02356651012788,-1.7510177582844244,227.76388888888889
Functional Design,0.004272338684668,0.004190690553599,-1.9110875119055397,45.44444444444444
Enterprise Application Software,0.0168239480059158,0.0165010358221016,-1.9193603291014452,169.80555555555554
Editing,0.0069015212246488,0.0067661899275682,-1.9608908337087239,62.236111111111114
Problem Solving,0.2708569630454012,0.2654822160677231,-1.9843488301894505,2147.6944444444443
Microsoft Word,0.0213255757852234,0.0208909657106459,-2.0379758040514075,188.05555555555554
Administrative Support,0.0049209924274109,0.0048188442670953,-2.0757634120023147,45.111111111111114
MuleSoft,0.0048631960682969,0.0047615049874372,-2.091033950340227,67.20833333333333
SQL (Programming Language),0.0908103019834733,0.0888776794755314,-2.1281974244437887,850.9444444444445
Atlassian Confluence,0.0198970386820934,0.019470376459139,-2.144350371788657,145.94444444444446
Process Improvement,0.0558611627571333,0.0546543700694247,-2.160342943370782,438.6111111111111
Microsoft SQL Servers,0.0199400545373095,0.0194997139064614,-2.2083220987394307,206.33333333333334
Data Science,0.011011473298217,0.0107679504132546,-2.211537714956194,91.58333333333333
Customer Inquiries,0.0051150034332441,0.0049999100269778,-2.250113959225718,44.06944444444444
Certified In Risk And Information Systems Control,0.0084968367542971,0.0083016987278194,-2.2965961583175343,57.27777777777778
Technological Change,0.0042548932321446,0.0041563610781706,-2.315737401578375,44.583333333333336
Infrastructure Security,0.0128692914865998,0.0125552655607432,-2.4401182161704957,126.69444444444444
Detail Oriented,0.1362393189144649,0.132889371376591,-2.458869850910735,1087.0555555555557
TCP/IP,0.0306698301342733,0.0299069021700205,-2.4875519717999124,329.44444444444446
Account Management,0.0147621753034472,0.0143920409464135,-2.507315821857693,140.0
Timelines,0.0382357716834503,0.0372663781344192,-2.5353053079629166,288.52777777777777
Business To Business,0.0103022951771858,0.0100382388944137,-2.5630820922006405,93.81944444444444
Regulatory Compliance,0.0151122534385253,0.0147030962404505,-2.707453257975051,121.36111111111111
Troubleshooting (Problem Solving),0.2751281032621402,0.2676480795168202,-2.7187421628800728,2253.1805555555557
Warehousing,0.0171199116673538,0.0166257980659734,-2.8861924698047945,131.59722222222223
Vulnerability,0.0471072248398033,0.0457397021895825,-2.9029998155724663,383.34722222222223
Business Process,0.0756659086174872,0.0734545421429365,-2.922540038116505,610.1527777777778
Business Acumen,0.0221527370781726,0.0215037691372417,-2.9295158365344234,197.125
Team Foundation Server,0.0051662724904063,0.0050146927430704,-2.93402540453261,70.73611111111111
Project Management Institute (PMI) Methodology,0.0124420028010123,0.0120680783878615,-3.005339406613685,89.56944444444444
Product Roadmaps,0.0095229165478518,0.0092362904954082,-3.0098557621851407,68.09722222222223
Decision Making,0.0674348593104176,0.0653445356201539,-3.09976725930646,476.625
Data Security,0.0179830887279156,0.0174235062008199,-3.1117153207782704,164.625
Quick Learning,0.0208642838355856,0.0202120022683251,-3.126307005793244,171.88888888888889
Reliability,0.0098625289820337,0.0095533890550698,-3.1344894147033835,81.0
Virtual Machines,0.0077559035076349,0.007512042027369,-3.144204669718271,54.47222222222222
Application Security,0.0175113930776215,0.0169542483552825,-3.181612792708065,186.47222222222223
Technical Support,0.1152370141322186,0.1115679016605393,-3.1839704450077946,952.4305555555555
Engineering Design Process,0.0078111960261794,0.0075587739922216,-3.2315414068703627,63.541666666666664
Software Installation,0.0201391183830635,0.0194877148209564,-3.234518759544673,165.09722222222223
Test Automation,0.0173293699741174,0.0167564303848086,-3.3061766825021466,156.01388888888889
Collaboration,0.0323547684900059,0.0312668714852169,-3.3624008316580647,241.54166666666666
Value Propositions,0.0090799017604564,0.0087734077822939,-3.375520861880938,100.77777777777777
Requirements Analysis,0.0125836340485605,0.0121579213671518,-3.383066288846804,104.44444444444444
Dashboard,0.0267442313511057,0.0258300207896128,-3.418346743605711,197.76388888888889
Program Management,0.0313843946871351,0.030285253327171,-3.502190725426528,271.9166666666667
Operations,0.225447484276955,0.2171941080909062,-3.6608863534311107,1813.2777777777778
Negotiation,0.0356577303187982,0.034328529149768,-3.727666223134419,298.6388888888889
Wide Area Networks,0.033922563034584,0.0326311669039574,-3.8068943355194707,329.2361111111111
Vulnerability Scanning,0.0089880652205842,0.008641819392154,-3.8522843340882504,90.83333333333333
Intellectual Curiosity,0.0058611439725271,0.0056344575166798,-3.8676145290039843,43.388888888888886
Root Cause Analysis,0.032551513381219,0.0312678555875053,-3.9434657881507955,247.65277777777777
Microsoft 365,0.0204645552017933,0.0196569640284123,-3.9462923352970387,83.43055555555556
Release Management,0.0121529924451504,0.0116662434497602,-4.00517812865453,117.54166666666667
IT Service Management,0.0375225622716869,0.0359582363872064,-4.169027352540035,279.4583333333333
Budget Management,0.006314492927911,0.006048902124475,-4.206051166231409,45.166666666666664
Human Resources Information System (HRIS),0.0053970203336343,0.0051650745508348,-4.2976636821990555,45.31944444444444
Data Analysis,0.0567707383779991,0.0543227577266672,-4.312046524800159,410.30555555555554
Identity And Access Management,0.0266780321742538,0.0255271471313345,-4.313980264368925,236.75
Acceptance Testing,0.0081969589074234,0.0078421660071772,-4.328347918456558,67.55555555555556
Technical Documentation,0.0208592321963184,0.0199347090601919,-4.432201182791753,164.22222222222223
Planning,0.1884897699155897,0.1799194216224253,-4.546850631205289,1475.8333333333333
Master Of Business Administration (MBA),0.0186026134314151,0.017755122580471,-4.555762307638464,166.01388888888889
Relational Databases,0.0149516617211331,0.0142545541092846,-4.6624089338724675,148.52777777777777
Proposal Development,0.0065621964565781,0.0062535171661045,-4.7039020016563615,55.94444444444444
Professionalism,0.0358983112688453,0.0342047513892894,-4.717658908444746,321.15277777777777
Relationship Building,0.0297275143134568,0.0283235337537527,-4.722832003039541,197.11111111111111
System Monitoring,0.0046026580847077,0.0043827269972739,-4.778349453428222,47.416666666666664
Finance,0.063649638505037,0.0605920843449063,-4.803725884301355,486.875
On Prem,0.0186309283413204,0.0177348752602046,-4.809492391898139,103.55555555555556
Organizational Leadership,0.0052176859283721,0.0049609793042764,-4.919932468526174,43.666666666666664
Linux Administration,0.0066799240193575,0.0063475374922824,-4.975902811347701,60.041666666666664
Directory Service,0.0042364596116711,0.0040219324589959,-5.063830942332011,53.0
Mentorship,0.0701674296498293,0.0665568297512083,-5.145692120460602,556.1111111111111
Systems Analysis,0.0113868218888556,0.0107974197380209,-5.176177835990865,96.88888888888889
Python (Programming Language),0.0883651362638951,0.0836870912167851,-5.293994039843283,727.8611111111111
Standard Operating Procedure,0.0192676343106225,0.0182446596419737,-5.309290451318248,120.75
Marketing,0.0552982948040214,0.0523419726054089,-5.346136276154244,493.7361111111111
Smartphone Operation,0.0147776190646125,0.0139853533232822,-5.36125432565462,114.59722222222223
Network Engineering,0.0113026692011615,0.0106963194976129,-5.364659380514205,107.45833333333333
English Language,0.0346814401919714,0.0328035894742799,-5.414569600619443,270.7638888888889
Security Information And Event Management (SIEM),0.0198265285369807,0.018749993341432,-5.429771498024635,179.29166666666666
Reporting Tools,0.0059328572049609,0.0056075859421727,-5.482539888474258,49.611111111111114
Interpersonal Communications,0.1021134931040824,0.0964563071134381,-5.540096434540764,860.9861111111111
Workflow Management,0.0766734040928377,0.0724240692573406,-5.5421236161002,595.2638888888889
Field Service Management,0.0165640753715078,0.0156419384329857,-5.567089727859408,105.06944444444444
Access Controls,0.0152870438582542,0.0144331685177401,-5.585614514038646,133.31944444444446
.NET Framework,0.0100560180116318,0.0094913392074706,-5.615332067902385,101.80555555555556
Milestones (Project Management),0.0307903126366879,0.0290557070682875,-5.633608170426783,239.38888888888889
Analytical Thinking,0.016933521041393,0.015956274956319,-5.771074324620262,100.33333333333333
Teaching,0.0170932195226749,0.0161001754534455,-5.809578867878472,116.81944444444444
Artificial Intelligence,0.0182018399375147,0.0171375325826291,-5.847251478637708,133.625
Auditing,0.1053487580383232,0.0991698673295627,-5.865176603707827,751.8055555555555
Bash (Scripting Language),0.0223384937685654,0.0210168428552299,-5.916472825017941,177.36111111111111
Quality Assurance,0.0276189777769282,0.0259694459059647,-5.972458084026021,260.5138888888889
End-User Training And Support,0.0273548299311045,0.0257080449357448,-6.020088589500536,236.79166666666666
Systems Architecture,0.020880991568853,0.0196216483838905,-6.031050684590051,176.41666666666666
Pharmaceuticals,0.0104218561124292,0.0097911705428008,-6.051566657845519,109.18055555555556
Authentications,0.0213233106453231,0.0200324169534427,-6.053908388580989,202.625
Network Troubleshooting,0.0261978974997171,0.024550415960731,-6.288602125433496,207.90277777777777
Time Management,0.0761153325946548,0.0712985262507268,-6.32829967331216,563.7083333333334
Microsoft Project,0.0199874654129234,0.0187099473976604,-6.3915958770689825,192.93055555555554
Azure Active Directory,0.0188278994834584,0.0176117773378206,-6.459149342210198,106.06944444444444
Information Technology,0.1696265758364805,0.1585953477245923,-6.503242818815294,1336.263888888889
Data Integration,0.0106884931722599,0.0099921037142172,-6.515319295427495,93.58333333333333
Managed Services,0.0193631615157526,0.0180997607634177,-6.524764828858554,151.02777777777777
SAP Applications,0.0454760458867979,0.0425083101988698,-6.525931685695778,415.5138888888889
Adaptability,0.0152421140519426,0.0142473005181745,-6.526742487150668,110.65277777777777
Transmission Control Protocol (TCP),0.0049575392747811,0.004630965508727,-6.587416618469863,49.236111111111114
Supply Chain Management,0.0080413479723905,0.0075052841110899,-6.666343293949524,56.65277777777778
Networking Hardware,0.0253514657213835,0.0236509823183904,-6.707633482346452,189.75
Security Engineering,0.0139725426540367,0.0130339928212926,-6.717101217600879,129.80555555555554
Ideation,0.0051645441350882,0.0048167965304862,-6.7333649496648444,46.736111111111114
Advising,0.0145949189816571,0.0136065140481711,-6.772253650247925,97.47222222222223
Security Controls,0.0263415667618041,0.0245570307414604,-6.774600905407489,216.83333333333334
Kanban Principles,0.0067104310127559,0.0062551029558007,-6.785377214811743,68.70833333333333
Project Planning,0.0349568352002814,0.0325848457430478,-6.785481133070389,298.59722222222223
Object-Oriented Programming (OOP),0.0096354687065618,0.0089763919691917,-6.840110818078482,98.58333333333333
Application Deployment,0.0059705628847799,0.0055618766153951,-6.845020767248247,73.91666666666667
Management,0.3715603442133169,0.346123824417705,-6.845865063847749,3176.3611111111113
Virtual Private Networks (VPN),0.0425048469896401,0.0395915172014691,-6.85411192959024,357.05555555555554
Microsoft SharePoint,0.039472428748453,0.0367617665887267,-6.867229217134335,325.4166666666667
Cisco Certified Network Associate,0.0183380753444295,0.0170787237458617,-6.867414245575946,179.01388888888889
Valid Driver's License,0.038546167739169,0.035887838365298,-6.8964816213616,286.80555555555554
Virtual Local Area Network (VLAN),0.0084683605489551,0.0078773765507328,-6.978729764821131,81.29166666666667
Lifting Ability,0.0338824120874423,0.0314976621760667,-7.038312104879478,241.93055555555554
Project Management Professional Certification,0.0425939720610548,0.0395842547803984,-7.066063893600323,376.72222222222223
Microsoft Intune (Mobile Device Management Software),0.017786485262352,0.016518971013975,-7.1262772249889155,85.79166666666667
Proactivity,0.018333444289434,0.017016814028337,-7.181576142000785,135.125
Peripheral Devices,0.0459092849722236,0.0425804557690482,-7.250884445683337,343.05555555555554
Technical Services,0.0092393798229505,0.0085680393767886,-7.266076934019957,75.41666666666667
Triage,0.0225130117125655,0.0208742349485549,-7.279242710542927,169.83333333333334
Network Switches,0.0382590235780454,0.0354571384649894,-7.323462156163954,299.3888888888889
Virtualization,0.0278342392984843,0.025786949744265,-7.355291920375147,295.47222222222223
Middleware,0.0168225538858282,0.0155752687745098,-7.414362407655287,164.0
Change Control,0.0177686163086694,0.0164424819810765,-7.463351701425804,149.59722222222223
Security Management,0.0098435989031341,0.0091054774952297,-7.4984913055466995,77.47222222222223
Endpoint Security,0.0129589888504211,0.0119768169861773,-7.579077932549367,103.76388888888889
Cisco Networking,0.004820592451285,0.0044544548559235,-7.595282095749477,52.375
Strong Work Ethic,0.0221586663232334,0.0204687345871009,-7.626504733999272,151.86111111111111
Amazon S3,0.0111765643975161,0.0103194070927667,-7.669237828933337,79.0
Open Shortest Path First (OSPF),0.0060341851915551,0.005567721232987,-7.730355362989538,64.51388888888889
Call Center Experience,0.0143422045096633,0.0132222566470117,-7.808756749333878,116.05555555555556
Data Collection,0.0107394796607178,0.0099005071037383,-7.8120410251182,82.15277777777777
Merchandising,0.010030180455605,0.0092320006848524,-7.9577807626239325,81.25
Visual Basic (Programming Language),0.0063080206371006,0.0058047269649668,-7.978630716166024,62.27777777777778
Economics,0.0101608555196779,0.0093469265556692,-8.010437334065164,88.45833333333333
Sprint Planning,0.0140602377300468,0.0129300933532967,-8.037875308004052,121.375
Amazon Elastic Compute Cloud,0.0085384299457769,0.0078407507368206,-8.17104799578957,69.09722222222223
Microsoft Office 365,0.0450156569216029,0.0413372690132162,-8.171352280369474,423.56944444444446
Endpoint Detection And Response,0.0094267250486374,0.0086512784644343,-8.226044360073788,50.013888888888886
Data Entry,0.0120030296779612,0.0110136840902307,-8.242465563065625,95.86111111111111
Data Warehousing,0.0183547219922889,0.016810735426448,-8.411931090482083,164.09722222222223
Algorithms,0.0108849775454773,0.0099685672707874,-8.419036886949451,76.59722222222223
Rapport Building,0.0058745034634193,0.0053781706403349,-8.448932342538876,62.458333333333336
Windows PowerShell,0.048124039188468,0.0440412564134475,-8.483873847394879,388.69444444444446
Supervision,0.0101292679627713,0.0092654533941604,-8.527907167484639,66.98611111111111
Issue Tracking,0.0348138191390554,0.0318394668843265,-8.543596561033914,300.5138888888889
Internet Protocol Security (IP SEC),0.0046163296998199,0.0042204515575991,-8.575603736367544,50.916666666666664
Hardware Troubleshooting,0.0176767648807259,0.0161372376343954,-8.709326942562575,133.59722222222223
Ruby (Programming Language),0.0069959112156523,0.006382298615293,-8.77101754788474,112.86111111111111
Systems Integration,0.0184302687690477,0.0168058707204238,-8.813751275032722,175.70833333333334
Coordinating,0.0992604297138096,0.0905034698156015,-8.82220631469802,757.4027777777778
Computer Science,0.2384938265770721,0.2172677758148077,-8.900042012368385,1951.361111111111
Billing,0.0215684368032757,0.0196395738172174,-8.942989256251318,156.94444444444446
Project Schedules,0.0210282977017194,0.0191388566948791,-8.985230443479054,139.41666666666666
Product Design,0.0063543433302195,0.0057769804820344,-9.086113516078393,43.666666666666664
Information Systems,0.0871449671205268,0.0789987043511113,-9.34794405068594,624.8194444444445
Certified Public Accountant,0.0072334606131914,0.0065519583474828,-9.421524525422434,44.56944444444444
Business Metrics,0.0100026544940524,0.0090581648315919,-9.442390147756228,76.86111111111111
Vulnerability Assessments,0.011713265631249,0.0106052267904723,-9.459691905395207,93.91666666666667
Internal Controls,0.0134226429677252,0.0121517897393872,-9.467980571291152,110.61111111111111
Energetic,0.0141733354057514,0.0128247802934571,-9.514733643762284,116.36111111111111
OAuth,0.0077311965206517,0.0069937223487573,-9.53893967026251,62.59722222222222
Work Breakdown Structure,0.0071779012578252,0.0064871278480975,-9.62361259810635,46.15277777777778
Financial Management,0.0071686699745169,0.0064766629714769,-9.653213294794407,67.93055555555556
IT Infrastructure,0.0361980275799281,0.0327019096990284,-9.65831045125317,277.72222222222223
Power BI,0.019475787123214,0.0175895553247276,-9.6850093223607,111.41666666666667
Mitigation,0.0218619006528947,0.0197431166569676,-9.691673334205529,170.125
Technology Roadmaps,0.0090173400435222,0.0081432257936035,-9.693703971457076,70.65277777777777
Procurement,0.0302540895470219,0.0273191619692656,-9.70092844206976,209.54166666666666
Continuous Delivery,0.0090305912253649,0.0081542016223443,-9.704675819663048,94.06944444444444
Lifecycle Management,0.0140164123149633,0.0126441608604013,-9.790318832851714,95.09722222222223
Supply Chain,0.0261491774812657,0.023573964945373,-9.848158848352618,176.375
Advocacy,0.0246009094298588,0.0221726131145625,-9.87075832387322,219.16666666666666
Verbal Communication Skills,0.1144484949251094,0.1030678244054439,-9.94392327056163,949.9444444444445
Customer Support,0.0322945724065813,0.0290828485490367,-9.9450886579631,251.33333333333334
Emerging Technologies,0.0330145708791235,0.0296980693051887,-10.045569230863348,251.06944444444446
Team Oriented,0.0232572830578988,0.0209092184903523,-10.096039858572533,196.23611111111111
Authorization (Computing),0.0226936353848471,0.0203785923569859,-10.201287667673508,171.88888888888889
Problem Management,0.0172562628943786,0.0154817873306589,-10.283081421399494,132.36111111111111
Contingency Planning,0.0070474649211817,0.0063223423857829,-10.289125856013671,55.388888888888886
Project Coordination,0.012966647763644,0.0116204294976758,-10.382161145324998,87.38888888888889
Internal Auditing,0.0238793188889626,0.0212997437837027,-10.802548922164704,140.41666666666666
RESTful API,0.0197180801215122,0.0175634074698791,-10.927395762442282,191.75
Product Lining,0.0098751016314684,0.0087899949674102,-10.988308825099647,48.80555555555556
Unit Testing,0.0179117401113791,0.0159379699894757,-11.019421394180956,136.44444444444446
Data Centers,0.0117021794245155,0.010411396622561,-11.030276969180381,113.19444444444444
Tableau (Business Intelligence Software),0.0151153365758743,0.0134465204698416,-11.040548767510144,128.34722222222223
Microsoft Servers,0.0103388842219858,0.0091966514400782,-11.047930873223487,105.81944444444444
Scrum (Software Development),0.0690337152752869,0.0613707256798434,-11.100358085734877,695.3194444444445
Collaborative Software,0.0075857928896327,0.006737243019587,-11.186040568091313,53.138888888888886
Extract Transform Load (ETL),0.0201542587401441,0.0178906150663838,-11.231589823998238,169.06944444444446
CompTIA Network+,0.0134914328971871,0.0119753486267976,-11.237385101664007,129.94444444444446
Certified Information Systems Security Professional,0.0592796123803241,0.0525913289213821,-11.282603226268654,480.875
Certified Cloud Security Professional (CCSP),0.0069307513092368,0.0061459760092218,-11.32309132155859,43.65277777777778
Leadership,0.2556061332715555,0.2265259723893197,-11.37694174628474,2070.6111111111113
Service-Oriented Architecture,0.0103822929352795,0.0091965911328252,-11.420423309625871,131.56944444444446
Microsoft Office,0.1198019533879503,0.1060453203755557,-11.482811943680918,982.7777777777778
Conflict Resolution,0.0151243046964071,0.0133866098685089,-11.489419598317168,124.55555555555556
Ability To Meet Deadlines,0.0368579232921811,0.0326151180592589,-11.511243320163537,274.44444444444446
Innovation,0.0947443851458286,0.0838238610960606,-11.526302094798917,753.7361111111111
Sales Prospecting,0.0133785173846704,0.011829584163633,-11.57776438525411,118.02777777777777
Customer Success Management,0.0087238478041761,0.0077136451416218,-11.579783201521662,74.84722222222223
Penetration Testing,0.0187682845980249,0.0165893724278887,-11.609543529436348,185.72222222222223
Business Planning,0.0063118923496645,0.0055787066184603,-11.615941631881157,44.55555555555556
Front End (Software Engineering),0.0148644939509576,0.0131353615738152,-11.63263534464963,115.58333333333333
Server Administration,0.0061554487369877,0.0054345983687614,-11.710768768079513,50.986111111111114
Digital Marketing,0.0099753223546777,0.008802155358831,-11.76069257848665,78.91666666666667
Certified Information System Auditor (CISA),0.0327346808738062,0.028865776568166,-11.818976701056041,219.02777777777777
Network Infrastructure,0.0254919790742778,0.0224418431066842,-11.96508108964864,190.13888888888889
SQL Server Integration Services (SSIS),0.0075813019054889,0.0066704113200594,-12.014962559003365,52.958333333333336
Knowledge Transfer,0.0115017842049184,0.0101185639098391,-12.026136731793363,91.70833333333333
Data Structures,0.0092494350523823,0.0081297252287019,-12.10571042814129,67.23611111111111
Investigation,0.0197459942018136,0.0173505962445945,-12.131057736252606,176.31944444444446
Budgeting,0.0343803666732602,0.030181539705083,-12.212862672703533,261.81944444444446
Risk Analysis,0.0492065274609747,0.0431836457208343,-12.240005647456224,340.0833333333333
Lean Manufacturing,0.0096506608487385,0.0084646733595662,-12.289184209880585,79.94444444444444
Spanish Language,0.0067176357851381,0.0058882828755074,-12.345904662850819,65.75
Request For Proposal,0.0207188499028418,0.0181462368280462,-12.416775481551891,157.0
Cooperation,0.011695996072238,0.0102417447317675,-12.433753666542003,85.97222222222223
React.js (Javascript Library),0.0218957190272149,0.0191627146257237,-12.4819120947536,144.58333333333334
Web Services,0.0205013329744915,0.0179051132527445,-12.66366301633806,249.41666666666666
Functional Requirement,0.0162956106460229,0.0142299674161044,-12.676071334722518,158.04166666666666
Network Performance Management,0.0084569382275387,0.0073808078193826,-12.724822851985012,49.166666666666664
Data Governance,0.0114487296781743,0.0099834940684983,-12.798237453971023,74.40277777777777
Data Quality,0.0117678634495279,0.0102549897828032,-12.855975710572956,82.08333333333333
Certified Ethical Hacker,0.0084653159548101,0.0073762136168547,-12.865465905458127,88.5
Medical Devices,0.0050311137635304,0.0043831344712572,-12.879440273648349,52.638888888888886
Operational Excellence,0.0103178716484433,0.0089727947126486,-13.036379804139516,51.15277777777778
Tooling,0.0163728946032383,0.0142295913566982,-13.090557891432264,109.88888888888889
Change Management,0.0619429865553621,0.0538002209950363,-13.145581143473173,522.5833333333334
Apple IOS,0.0199659827004852,0.0173399261423415,-13.152653678698634,188.88888888888889
Self Service Technologies,0.006536685428239,0.0056756843938998,-13.171829114180822,80.68055555555556
Apple IPad,0.0063796792278619,0.0055384779497999,-13.185635954676696,55.708333333333336
Balancing (Ledger/Billing),0.0113125046917068,0.0098130479031646,-13.254861141772183,96.51388888888889
Control Objectives For Information And Related Technology (COBIT),0.0182195075643193,0.0158021708107985,-13.267849007373075,107.375
Threat Modeling,0.0074592148625572,0.0064626129516013,-13.360681108121888,64.38888888888889
Forecasting,0.0282971600050573,0.0244251410528448,-13.68341894211465,211.83333333333334
Project Documentation,0.0140913499306714,0.0121536685595166,-13.750856949036663,103.45833333333333
Portfolio Management,0.0078490110273826,0.0067664541267098,-13.792271368916634,59.583333333333336
CompTIA Security+,0.0187857937258606,0.0161669623253743,-13.940488428131758,130.66666666666666
Project Sponsorship,0.004991270306634,0.0042927057585321,-13.995726642442582,49.375
Administrative Functions,0.0163785493783985,0.0140816065668416,-14.02409186851623,122.04166666666667
Gap Analysis,0.0101890887649971,0.0087487059847851,-14.136522052493964,61.791666666666664
Analytical Skills,0.0690452832821692,0.0592825507477182,-14.139608196773384,503.4861111111111
Firmware,0.0120116191938436,0.0102745223258167,-14.461804357877305,77.23611111111111
Team Leadership,0.0342209579514271,0.0292521796786991,-14.51969369116036,314.8888888888889
MATLAB,0.0089122102614153,0.0076060901492676,-14.655400555375603,35.19444444444444
Multilingualism,0.0102411972715531,0.0087398745756616,-14.659640431511981,63.791666666666664
Local Area Networks,0.0370318174226667,0.0315414948542339,-14.82596035125255,343.5138888888889
IT Security Architecture,0.0176020356326029,0.0149848485366019,-14.868661503862565,163.15277777777777
Data Modeling,0.0183368614101725,0.0155929281385173,-14.96402906842598,165.70833333333334
Project Management Certification,0.0071797839477527,0.0060997848526495,-15.042222759937554,44.93055555555556
GIAC Certifications,0.0164838309563668,0.0139940471288417,-15.104400391605765,169.25
Security Testing,0.0075562531027243,0.0064063818020363,-15.217479947481246,50.90277777777778
Coaching,0.0602289036724323,0.0505104858549466,-16.135803949448224,454.7916666666667
Top Secret-Sensitive Compartmented Information (TS/SCI Clearance),0.008722052034852,0.007296111034793,-16.348687147945874,30.055555555555557
Spreadsheets,0.0080174142702739,0.0066890920698275,-16.567962633182223,71.91666666666667
Cloud Infrastructure,0.0194316814144025,0.0162088468657268,-16.58546411885375,156.76388888888889
Electronics,0.0117681882614128,0.0098050533194856,-16.68170918342804,59.416666666666664
Systems Design,0.0302309388112982,0.025185593034918,-16.689345335496505,196.02777777777777
Life Sciences,0.0045386141597048,0.0037802543832864,-16.70906029314739,43.34722222222222
User Experience (UX),0.0170626448360105,0.0141992248299326,-16.781806300244185,163.29166666666666
Okta,0.0092449374825323,0.0076855873980582,-16.867070084793863,48.611111111111114
Single Sign-On (SSO),0.0147240426919506,0.0122360389325105,-16.897558717350446,119.11111111111111
Scheduling,0.0384722247518086,0.0319370342292533,-16.986775692632847,330.90277777777777
Terraform,0.0222674846622373,0.0184829421763587,-16.995823925711203,160.72222222222223
Teamwork,0.0571266527318855,0.0473893028150324,-17.045195983307025,505.40277777777777
Project Management Life Cycle,0.0084552424925902,0.0070004268306561,-17.206078515300245,97.04166666666667
Honesty,0.0089748288674381,0.0074232852630536,-17.28772355775731,58.888888888888886
Infrastructure as Code (IaC),0.0144992025228875,0.0119884964832608,-17.316166428211908,95.80555555555556
Invoicing,0.0164059624824803,0.0135178089535001,-17.604291927794048,122.23611111111111
Mac OS X,0.0058231114678051,0.0047961096511707,-17.63665047994534,73.31944444444444
Top Secret Clearance,0.0082176072289612,0.0067638294883885,-17.691010291282506,24.583333333333332
Cisco Meraki,0.0104791356393878,0.0086189735240811,-17.751102565319716,58.43055555555556
Construction,0.0099212761621379,0.0081589894386489,-17.762702042448243,52.34722222222222
Electrical Engineering,0.0211364555601927,0.0173124132987463,-18.092164273031667,128.18055555555554
Business Requirements,0.0717559047479409,0.0587119022702596,-18.178298390217993,622.625
Data Loss Prevention,0.0087062663387028,0.0071206182211901,-18.212722375191603,68.70833333333333
Writing,0.1519217485892891,0.1242105213523439,-18.240460957213426,1320.236111111111
Hybris,0.0021165728755391,0.0017297131898793,-18.277645439506326,50.34722222222222
Certified Scrum Master,0.0109581017201753,0.0089282454519362,-18.52379472351373,129.05555555555554
Listening Skills,0.00825310788413,0.0067211756205881,-18.561883414703324,56.90277777777778
Mechanical Engineering,0.010794470631851,0.0087728528425287,-18.72827170752735,41.388888888888886
Security Requirements Analysis,0.017870185065291,0.0145031156326435,-18.841827436847915,157.88888888888889
Application Performance Management,0.005284081779538,0.004287782008802,-18.85473791480775,45.97222222222222
Point Of Sale,0.0089111675613793,0.0072282575384542,-18.885404312435732,48.15277777777778
Report Writing,0.0144051600542972,0.0116736518338111,-18.962012294138063,110.625
Test Design,0.0072262211473784,0.0058413681037919,-19.16427708677184,20.27777777777778
Github,0.0178367839867093,0.0144091570739803,-19.21661951662936,103.5
System Configuration,0.008629844204179,0.0069577113685514,-19.37616480744658,67.44444444444444
ITIL Foundation Certification,0.0058152877035788,0.0046859245431107,-19.420589625738998,51.111111111111114
Integrated Product Team,0.0064097981049412,0.0051613240069064,-19.47758849178687,16.208333333333332
Continuous Improvement Process,0.0165156112468701,0.0132987564835911,-19.477660954805,141.04166666666666
Security Awareness,0.0064277008789396,0.0051658133651043,-19.632019871520182,68.09722222222223
Project Management Office (PMO),0.0087056869505627,0.0069791888716722,-19.831841975191942,49.75
Software As A Service (SaaS),0.0391716697426902,0.0314030959847962,-19.83212308518885,333.44444444444446
Self-Motivation,0.1084676869404513,0.0867396670920448,-20.0317905371534,905.0138888888889
Purchasing,0.0192268304969045,0.0153468383695007,-20.1800922311583,151.83333333333334
Quality Control,0.0161643408021728,0.012892594651799,-20.240517014674754,122.625
Accounting,0.0531430974233422,0.0423519509024669,-20.305829061697626,323.59722222222223
Microsoft Certified Professional,0.0179048336490577,0.014231156128684,-20.517797553327387,132.59722222222223
Enterprise Architecture,0.0223030349970829,0.0177008184529889,-20.634933966143816,209.38888888888889
SAS (Software),0.0060389955677792,0.0047705624632117,-21.004040992100904,70.55555555555556
Business Administration,0.0317251383134362,0.025026850064496,-21.11350369149801,159.375
Network Monitoring,0.0106297262648946,0.0083716777255847,-21.24277223174844,63.65277777777778
Due Diligence,0.0069444743380168,0.0054670936464994,-21.274190379387445,47.40277777777778
Software Systems,0.0223265363660144,0.0175497943834883,-21.394908302020763,164.95833333333334
Financial Services,0.0293713603989174,0.0230738799809182,-21.440887764365595,268.55555555555554
Internet Protocol Telephony,0.0068036057137595,0.0053316073784201,-21.635562042674735,18.819444444444443
Service-Level Agreement,0.0262972792490512,0.0205994095919137,-21.66714511860795,181.45833333333334
Remote Access Systems,0.0140693033863062,0.011018967465543,-21.680788572177107,124.40277777777777
Project Stakeholders,0.0118570015670668,0.009248744404514,-21.997611687910354,75.33333333333333
Agile Software Development,0.0075390699322128,0.005875538248448,-22.06547622879704,88.38888888888889
Relational Database Management Systems,0.0069418346428716,0.0054007397975166,-22.200108827678747,58.736111111111114
Software Documentation,0.0159547010684751,0.0123860426085003,-22.367441700466028,100.59722222222223
Web Applications,0.0109450152988922,0.0084620777161669,-22.685556072056016,109.51388888888889
HyperText Markup Language (HTML),0.0189530486567997,0.0146525972426234,-22.690024660668232,211.61111111111111
Integration Testing,0.0093603815847615,0.0071735939678301,-23.362163146120494,61.68055555555556
Node.js (Javascript Library),0.0114163738139625,0.0086949100478343,-23.83825031026739,130.70833333333334
Database Design,0.0044563881674985,0.0033907304589131,-23.913036040206176,53.81944444444444
Computer Engineering,0.0283824584001802,0.021532339982653,-24.13504257081447,182.875
Firewall,0.0696829851759582,0.0527692812341773,-24.27235845173925,635.0833333333334
Stored Procedure,0.0083791937711664,0.0063442393593108,-24.285802040502645,50.81944444444444
Good Driving Record,0.0093330328317223,0.0070605950202497,-24.348331913595647,70.44444444444444
Record Keeping,0.0049262068490039,0.0037220682114294,-24.44352570818219,44.31944444444444
Go-to-Market Strategy,0.0081747535284603,0.006149571286875,-24.773618367020532,68.61111111111111
Information Management,0.0132714009653269,0.0099733739885627,-24.850631710854675,73.66666666666667
Financial Analysis,0.0079792291288161,0.0059959537853371,-24.855475528539728,70.125
Amazon Web Services,0.0867041732360531,0.0648830060055977,-25.167378242621645,789.0416666666666
Expectation Management,0.0192649073405585,0.0144127643892785,-25.186432851741575,116.61111111111111
Business Operations,0.0160940479896191,0.0120207556586569,-25.309308966827576,121.41666666666667
Private Cloud,0.0044168239824451,0.0032926541736941,-25.451994764090053,51.736111111111114
Quality Management Systems,0.0068095048918124,0.0050289735133141,-26.14773624201624,43.375
ITIL Certifications,0.0075856606232663,0.0055989832440412,-26.1899059012959,62.30555555555556
Agile Coaching,0.0052770551121152,0.0038828944479608,-26.419293233334816,46.041666666666664
Typing,0.0049822383095477,0.0036626482574407,-26.485887870481967,44.041666666666664
Network Security,0.0342563635250849,0.0251715282819609,-26.520139058167825,326.2916666666667
Network Protocols,0.0142796921761477,0.0104664880422692,-26.70368581367562,113.61111111111111
Investments,0.0103205741989285,0.0075013632327196,-27.316415849242137,65.40277777777777
Creative Thinking,0.0135281528586802,0.0098003625335717,-27.55579689297051,70.73611111111111
Stakeholder Communications,0.0096268644143853,0.0069402260947811,-27.907719522772023,51.513888888888886
Windows Servers,0.0479334777865821,0.0344757224313902,-28.07590013624902,462.02777777777777
Customer Relationship Management,0.0338898840566855,0.0243322915557371,-28.201903803984717,340.875
Project Management Software,0.0157388341413871,0.0112762008372224,-28.354281289677523,83.13888888888889
Jenkins,0.0229952388123287,0.0164444913827257,-28.48740768932946,225.73611111111111
Statistics,0.008112064519775,0.0057752669156453,-28.806447463937502,50.31944444444444
Electrical Wiring,0.0071255416484483,0.0050354416792227,-29.332506528549352,44.763888888888886
Development Environment,0.0117906535386955,0.0083066082625675,-29.549212558012865,127.84722222222223
Business Intelligence,0.0171549119692699,0.0120737854169916,-29.619076806574533,183.70833333333334
Infrastructure As A Service (IaaS),0.0168750583799553,0.0118724687344532,-29.64487311904252,170.56944444444446
Systems Development Life Cycle,0.0441482272675198,0.0309813100979719,-29.824339468404677,446.93055555555554
Antenna,0.0065064539297281,0.0045480791051753,-30.098957830239165,21.25
Computer Systems,0.0060959440358305,0.0042553941171277,-30.193025196499313,50.541666666666664
Test-Driven Development (TDD),0.0058229736100905,0.00405458708745,-30.369131667986665,96.125
Model Based Systems Engineering,0.0055746517287333,0.0038657632759331,-30.654622673415012,10.402777777777779
Application Lifecycle Management,0.0080586437703379,0.0055652199828978,-30.94098533822584,65.33333333333333
Information Technology Infrastructure Library,0.0470136180283043,0.0324498413020468,-30.97778332543873,352.125
Patch Management,0.008392268419983,0.0057074146979905,-31.99199057551044,77.25
Certified Internal Auditor,0.0167522853489379,0.0113666445188546,-32.14869325530413,70.68055555555556
JavaScript (Programming Language),0.0365402806523641,0.0245786177276642,-32.73555296003453,393.3888888888889
Cryptography,0.0083743002783951,0.0056268767090941,-32.80779859768215,82.94444444444444
Templates,0.0150615748022087,0.0099475244312959,-33.95428723803073,112.81944444444444
Data Integrity,0.0088877457123138,0.0058577173825262,-34.09220321852317,90.18055555555556
VMware VSphere,0.0087159014576472,0.0057054594047903,-34.539652237756584,69.625
CompTIA A+,0.0325950633130021,0.0212485478308172,-34.81053364807792,301.2361111111111
Radio Frequency,0.0074926070430847,0.0048784234481396,-34.890173472501274,34.05555555555556
Angular (Web Framework),0.0113562712369431,0.0073681405749552,-35.11831109681589,143.43055555555554
Unix,0.0308008423941826,0.0199387813892682,-35.26546730736798,363.43055555555554
Willingness To Learn,0.0204165457326168,0.0132088110520626,-35.30339938474195,206.25
Financial Statements,0.0106601604733929,0.0068739059276382,-35.517800648545176,68.83333333333333
Software Quality (SQA/SQC),0.0071299270802148,0.0045397945596451,-36.32761585679034,56.80555555555556
C (Programming Language),0.0168131984857331,0.0107038333794558,-36.33672148378802,152.81944444444446
Technical Management,0.0103176157478073,0.0065600955100219,-36.41849366782193,65.48611111111111
Microsoft Certified Systems Engineer,0.0150385767165213,0.0094547331733953,-37.13013304637812,148.65277777777777
Cash Or Share Options,0.010222621925733,0.006385487346095,-37.53571840487354,39.513888888888886
Project Scoping,0.0240423141099211,0.0148663120710273,-38.16605172422777,199.25
Technical Training,0.0078612054143495,0.0048475686979507,-38.33555488701313,87.91666666666667
Emerging Risk,0.0084931816834185,0.005222173069744,-38.513347948985846,16.75
SMTP (Simple Mail Transfer Protocol),0.0044056337470211,0.0027019220173203,-38.67120663066413,47.361111111111114
Inventory Management,0.0169352434832422,0.0102497365942045,-39.47688674008825,140.84722222222223
Software Development Life Cycle,0.0258830451418313,0.0156041655718856,-39.71279080038895,275.72222222222223
Information Privacy,0.0197548440288196,0.0118746745181126,-39.88980879429327,162.04166666666666
Business Valuation,0.0175461582875579,0.0105368073600681,-39.94806619555107,159.34722222222223
Command-Line Interface,0.0055790887849421,0.0033351348770626,-40.22079580335605,57.513888888888886
Public Accounting,0.0119101031627436,0.0070011920918618,-41.21636062933134,65.84722222222223
Application Servers,0.0054356509235159,0.0031883271946382,-41.34415105935613,54.72222222222222
Hyper-V,0.011175722712019,0.0065330832551818,-41.54218547176591,104.08333333333333
Customer Engagement,0.0061617792417882,0.00357173979452,-42.033953921993295,65.48611111111111
Database Management Systems,0.0091217867356497,0.0052867268462528,-42.04285849403547,35.708333333333336
Strategic Thinking,0.0120839245760787,0.0069499637309912,-42.485872969206326,103.38888888888889
Ethical Standards And Conduct,0.0278997396779835,0.0159891493410736,-42.69068627299377,171.44444444444446
System Software,0.0092596559724396,0.0052451128548468,-43.35520811509271,55.18055555555556
Payment Card Industry (PCI) Data Security Standards,0.0123566080354981,0.006791609309377,-45.03662097344154,119.43055555555556
Security Assertion Markup Language (SAML),0.0073395260569124,0.0039966711839287,-45.54592281657456,77.34722222222223
Network Architecture,0.0048846375764855,0.0026462378197404,-45.82529863670315,65.19444444444444
Microsoft Exchange Servers,0.0050311703770121,0.0027204920833528,-45.92725192168031,68.20833333333333
Usability,0.0071327577595379,0.0038548564715726,-45.95559527564358,75.61111111111111
Big Data,0.0118564314777867,0.0063883694128602,-46.11895303549843,168.77777777777777
Project Risk Management,0.0106025221414927,0.0056822744782763,-46.40638894741031,99.01388888888889
Taking Meeting Minutes,0.0109706222796317,0.0058723142089117,-46.472369030384286,34.263888888888886
Auditor's Report,0.0103476304317786,0.0055159712639925,-46.693387434359806,33.625
Vendor Management,0.0134828034977591,0.0071589830734839,-46.90285981937099,146.76388888888889
Business Software,0.010646157785286,0.0055923337002744,-47.47087340746033,66.51388888888889
Meeting Facilitation,0.0060984287471637,0.0030887756146873,-49.35128796702185,65.27777777777777
Selling Techniques,0.0136277378570767,0.0068612730081814,-49.65215004764394,156.61111111111111
Linux Servers,0.0081753125878298,0.0040914748142022,-49.9532920576886,73.97222222222223
Security Strategies,0.0064494711879683,0.0031696040232682,-50.854823118193,69.76388888888889
Mobile Application Development,0.010204987692602,0.0049190155126277,-51.79792802500204,123.375
Chef (Configuration Management Tool),0.0103406193047421,0.0049528587031483,-52.1028812957366,136.05555555555554
Microsoft Windows 7,0.0117873605833157,0.0054936049761203,-53.39410432649216,204.79166666666666
Information Gathering,0.0082817312149447,0.0038290126510102,-53.765552737323794,65.97222222222223
Geographic Information Systems,0.0067672265519512,0.0031132214227536,-53.99560811428778,58.30555555555556
Risk Based Internal Auditing,0.0075114449019138,0.0034116831513265,-54.580201334402965,10.0
Audit Working Papers,0.0088669040751443,0.0040166854439769,-54.70024926471834,21.48611111111111
Process Flow Diagrams,0.0083878947453969,0.0036763882148616,-56.170310590996344,28.583333333333332
Software Design,0.0087487131192496,0.0036987541653318,-57.722305956135266,80.26388888888889
Technical Acumen,0.0141927751636863,0.005936399243034,-58.17309036063012,137.51388888888889
Analytics,0.0100365521950148,0.0041745691014132,-58.40634293231965,139.44444444444446
Internet Protocols Suite,0.0050663576522189,0.0021064511576481,-58.42277031654994,60.81944444444444
PHP (Scripting Language),0.0069928894422409,0.0028840251203339,-58.757747506877465,81.34722222222223
Security Policies,0.0262057123197855,0.0095093677730832,-63.712614803057434,236.56944444444446
Audit Command Language,0.0070158632445977,0.0024970242686392,-64.4088805385148,11.76388888888889
Collections,0.0093216498939518,0.0032334539124835,-65.31242913787747,63.19444444444444
Agile Projects,0.0030233032459938,0.0010431250746779,-65.49717346216751,51.041666666666664
VMware ESX Servers,0.0088563614465137,0.0030484617123729,-65.57884712832124,75.75
SAP ERP,0.00569900172001,0.0018729480247132,-67.13550694085572,49.44444444444444
Perl (Programming Language),0.0134745968264596,0.0043621113633823,-67.62714744224056,181.55555555555554
Forensic Sciences,0.0048833847566626,0.0014886768869079,-69.51547008707766,73.94444444444444
File Transfer Protocol (FTP),0.0033279388077155,0.0009188802906591,-72.38890665511138,48.56944444444444
Red Hat Linux,0.0046861364052777,0.0010989441246085,-76.54903678495512,55.09722222222222
Event Management,0.0052755582880946,0.001198657595517,-77.27903796983873,49.125
Search Engine Optimization,0.00430458109812,0.0009216416312389,-78.58928406200963,47.34722222222222
Apache Tomcat,0.0049967382494575,0.0010585228232696,-78.81572396984123,60.47222222222222
Juniper Network Technologies,0.0038252891325279,0.0004475956885996,-88.299036410254,48.708333333333336
Cisco Certified Network Professional,0.007104220308457,0.0007490197391473,-89.45669325238053,85.26388888888889
Skype For Business,0.002484965590709,0.0002337733500849,-90.59249146310309,48.72222222222222
Secret Clearance,0.0107798336682031,0.0010115233203287,-90.61652200337417,55.388888888888886
Computer Security,0.00348639681176,0.0002794608608229,-91.9842497595154,46.06944444444444
Routing Protocols,0.0072470159216486,0.0004669597434616,-93.5565238367053,50.958333333333336
Computing Platforms,0.007365438363428,0.0004570941893925,-93.7940667365824,95.22222222222223
Enthusiasm,0.0124114436488953,7.962250053518551e-05,-99.35847510742819,132.70833333333334
IBM AIX,0.0027048443802804,8.334172426950414e-06,-99.69187978104358,48.013888888888886
Consolidation,0.0048034213532133,1.7553709846176545e-06,-99.96345581918513,49.47222222222222
Auditing Standards,0.0075172669523309,1.9227213604031912e-30,-100.0,7.708333333333333
Audit Risk,0.0066943584649437,1.2273107132763795e-28,-100.0,11.541666666666666
Product Knowledge,0.0124735575800169,-0.0061010233743899,-148.9116543957272,116.29166666666667
Scope Management,0.0067990172682163,-0.0035671492129241,-152.46565896515114,63.513888888888886
